[1]3threads
32kb:
erase:	45234	45208	45191	45215	45333	45320	45251	45258	45191	45204
write:	4750	3474	7734	3354	3488	7800	3439	7933	8021	4570
read:	(0)	(3)	(32)	(31)	(63)	(64)	(95)	(96)	(121)	(1)

64kb:
erase:	45273	45354	45515	45342	45289	45294	45476	45273	45309	45338
write:	6131	14613	6505	14812	6134	6074	14744	6110	14988	14852
read:	(0)	(96)	(3)	(32)	(31)	(63)	(64)	(1)	(21)	(121)

96kb:
erase:	45334	45336	45338	45339	45319	45384	45367	45516	45324	45286	45316	45337
write:	9064	8942	8848	8943	8817	22115	21957	9309	21948	9104	22043	21987
read:	1321	1328	1472	1263	1409	1711	1749	1548	1572	1822	1621	1488

96kb * 5
erase:	45309	45295	45272	45268	45240
write:	44565	44454	44583	44630	45752
read:	6653	7189	7202	7055	6763

96kb * 64 = 6 Mb
erase:	45314	45379	45293	45487	45418
write:	939356	937384	939558	945236	936978(buffer fenpei 12000~20000)
read:	97778	94870	94853	96063	91427

96kb * 256 = 24 Mb
erase:	90459	90679	90627	90521	90467
write:	3925428	3876976	3855674	3862959	3861177
read:	375559	388991	378219	377713	375329

96kb * 512 = 48 Mb
erase:	180979	180751	180842	180827	180862	||	180795
write:	7792277	7698643	7721828	7727984 7687032	||	7592375
read:	771991	732448	753755	736983 	736630	||	687337

[2]1threads
32kb:
erase:	18716	18768
write:	6331	5193
read:	1030	1080

64kb:
erase:	18431	18991
write:	11166	12048
read:	2408	2248

96kb:
erase:	18664	18751
write:	16337	18115
read:	3222	3413

96kb * 5
erase:	15417	15413
write:	72698	71024
read:	7775	8534

96kb * 64
erase:	15585	15482
write:	729086	718300
read:	74344	71718

96kb * 256
erase:	92630	92663
write:	4293979	4297770
read:	444693	447943

96kb * 512
erase:	185668	184717	184818	184867	184923	|| 	184585
write:	9006642	8578531	8628991	8624713`8872318	||	8254851
read:	749776	882250	888467	883496	862381	||	640817





